{
    "accuracy": 0.9380799633405889,
    "precision_weighted": 0.9413096723768598,
    "recall_weighted": 0.9380799633405889,
    "f1_weighted": 0.9379651683889209,
    "auc": 0.9792230635894478
}