{
    "accuracy": 0.951303351475222,
    "precision_weighted": 0.9527609244229843,
    "recall_weighted": 0.951303351475222,
    "f1_weighted": 0.9512680348867586,
    "auc": 0.9848376834664275
}