{
    "accuracy": 0.9525637353193928,
    "precision_weighted": 0.9542436271006239,
    "recall_weighted": 0.9525637353193928,
    "f1_weighted": 0.952529600441004,
    "auc": 0.9845265799739894
}